6.609862923622131792e-01
5.254120826721191406e-01
8.005137443542480469e-01
8.325657844543458141e-01
8.220289826393127885e-01
8.968026280403137429e-01
7.111467599868774858e-01
7.504664063453674316e-01
7.772564888000488281e-01
8.132804632186889648e-01
8.513376712799072266e-01
7.823005318641662598e-01
8.232975602149963379e-01
7.616471052169799805e-01
7.895020246505737305e-01
6.171668171882629395e-01
7.654322981834411621e-01
6.597184300422674896e-01
8.533319830894470215e-01
7.613451480865478516e-01
7.887309789657592773e-01
7.720869779586791992e-01
6.332873106002807617e-01
7.977457642555236816e-01
8.820341229438781738e-01
8.157320022583007812e-01
5.639128088951110840e-01
9.270316362380981445e-01
8.032456636428833008e-01
8.774863481521606445e-01
8.684989213943481445e-01
5.100529193878173828e-01
8.657334446907043457e-01
8.700308203697204590e-01
4.486957788467407227e-01
8.927208185195922852e-01
8.542284965515136719e-01
8.518092632293701172e-01
7.919105887413024902e-01
7.355765700340270996e-01
7.941073775291442871e-01
9.032766222953796387e-01
8.561916351318359375e-01
7.557595968246459961e-01
5.224704742431640625e-01
7.430548667907714844e-01
8.683668375015258789e-01
8.739492893218994141e-01
7.593559026718139648e-01
7.495360970497131348e-01
7.198150157928466797e-01
7.473500370979309082e-01
7.609298229217529297e-01
7.333307862281799316e-01
8.257345557212829590e-01
7.917586565017700195e-01
7.294684648513793945e-01
7.396114468574523926e-01
7.156733274459838867e-01
7.068670988082885742e-01
8.385531902313232422e-01
7.681258916854858398e-01
7.193627357482910156e-01
6.704934835433962181e-01
7.443133592605590820e-01
5.921742916107177734e-01
6.480339407920858719e-01
8.898182511329650879e-01
7.815054655075073242e-01
4.547877609729766846e-01
5.568322539329528809e-01
5.959560275077819824e-01
6.923951506614685059e-01
7.985244989395141602e-01
7.271915078163146973e-01
7.556439042091369629e-01
6.704375147819519043e-01
7.490189075469970703e-01
7.383454442024230957e-01
7.456711530685424805e-01
6.173952817916870117e-01
5.773232579231262207e-01
7.831428050994873047e-01
6.750002264976504573e-01
7.563549876213073730e-01
8.361194133758544922e-01
7.531507015228271484e-01
7.882927656173706055e-01
7.883901357650758834e-01
7.513826489448547363e-01
8.248580098152160645e-01
5.514150261878967285e-01
8.155742883682250977e-01
8.017302751541137695e-01
7.809748649597167969e-01
6.641865968704223633e-01
7.798339724540710449e-01
7.595800161361694336e-01
6.929442882537841797e-01
7.976503372192382812e-01
9.066545963287353516e-01
8.281377553939819336e-01
8.268684148788452148e-01
7.577323913574218750e-01
7.057884931564331055e-01
7.685972452163696289e-01
7.962456941604614258e-01
8.584864735603332520e-01
7.680486321449281339e-01
8.529625535011291504e-01
7.425169944763183594e-01
6.192077994346618652e-01
8.040271401405334473e-01
8.862549662590026855e-01
6.015300869941712092e-01
3.890926241874694824e-01
4.522537440061569214e-02
8.395603299140930176e-01
7.803730845451355425e-01
9.032734632492065430e-01
6.526741981506347656e-01
8.517272472381591797e-01
8.641057014465332031e-01
7.984396815299987793e-01
8.535022735595703125e-01
8.047500252723693848e-01
8.165572285652160645e-01
4.526972472667694092e-01
8.808180689811706543e-01
9.034815073013305886e-01
7.809246778488160290e-01
8.480273246765137607e-01
7.825016975402832031e-01
6.821862459182739258e-01
7.597799301147460938e-01
8.152112960815429688e-01
6.406713128089904785e-01
5.198203921318054199e-01
7.737967371940612793e-01
8.034393191337585449e-01
6.648201942443847656e-01
8.072713613510131836e-01
7.565723657608032227e-01
6.552203297615051270e-01
8.430629968643188477e-01
6.857522130012512207e-01
8.169419765472412109e-01
6.818519234657287598e-01
6.662976741790771484e-01
7.895684838294982910e-01
6.962179541587829590e-01
7.132195949554444026e-01
7.825859189033508301e-01
7.442989349365234375e-01
6.802836656570434570e-01
7.977994680404663086e-01
5.859416723251342773e-01
6.353446245193481445e-01
6.990184783935546875e-01
6.913253664970397949e-01
7.782616615295410156e-01
5.303483605384826660e-01
6.718965172767641381e-01
5.510268807411194958e-01
7.108058094978333408e-01
7.599044442176818848e-01
7.063395380973815918e-01
4.759228825569152832e-01
7.099728584289550781e-01
4.655490517616271973e-01
7.302048802375793457e-01
6.745418310165405273e-01
6.907253265380859375e-01
7.744542360305786133e-01
7.534401416778564453e-01
5.119903922080994985e-01
6.056680679321289062e-01
8.184460401535034180e-01
7.388826012611389160e-01
2.158173471689224243e-01
7.137299776077270508e-01
5.181268930435182218e-01
6.039419174194335938e-01
7.012434005737304688e-01
6.302504539489746094e-01
6.058452725410461426e-01
8.448714971542359287e-01
7.024362683296203613e-01
5.832198262214660645e-01
7.242583036422729492e-01
7.751281261444091797e-01
6.032621860504150391e-01
6.253763437271118164e-01
8.593621850013732910e-01
6.953461170196533203e-01
6.099389791488647461e-01
7.399685382843017578e-01
5.559533834457397461e-01
5.412932634353637695e-01
6.241963505744934082e-01
4.677477478981018066e-01
9.047061204910278320e-01
6.440855264663696289e-01
8.741984963417053223e-01
5.125594735145568848e-01
8.849119544029235840e-01
8.732924461364746094e-01
8.167313933372497559e-01
7.597974538803100586e-01
7.506613135337829590e-01
7.446928024291992188e-01
8.278786540031433105e-01
6.636249780654908115e-01
7.663034200668334961e-01
8.079621791839599609e-01
7.274196743965148926e-01
5.234222412109375000e-01
7.538331747055053711e-01
8.414928913116455078e-01
7.060328722000122070e-01
8.640077590942383257e-01
5.458138585090637207e-01
7.981964945793151855e-01
8.369249105453491211e-01
6.014925241470336914e-01
8.353899717330932617e-01
8.414578676223755105e-01
6.855912327766420233e-01
8.127659559249877930e-01
8.507858514785766602e-01
4.702788591384887695e-01
8.145276904106140137e-01
8.436490297317504883e-01
9.136489629745483398e-01
8.401679396629333496e-01
5.937701463699340820e-01
7.400531172752380371e-01
9.165022969245910645e-01
9.188553094863891602e-01
5.645679831504821777e-01
7.780166864395141602e-01
8.337964057922363503e-01
8.518013954162597656e-01
8.331211209297180176e-01
8.349587321281433105e-01
8.762687444686889648e-01
8.296978473663330078e-01
8.404516577720642090e-01
8.410543799400329590e-01
7.047082185745239258e-01
6.757503151893615723e-01
6.958441138267517090e-01
7.617094516754150391e-01
8.311569690704345703e-01
6.695497035980224609e-01
5.247883796691894531e-01
5.004609227180480957e-01
6.364288926124572754e-01
6.447592973709106445e-01
6.129287481307983398e-01
7.205562710762024592e-01
7.491222500801086870e-01
6.647285223007202148e-01
6.068779230117797852e-01
5.330508351325988770e-01
6.628919601440429465e-01
7.289606928825378418e-01
8.023188710212707520e-01
7.009605765342712402e-01
8.857428431510925293e-01
7.365865707397460938e-01
7.761394381523132324e-01
7.929318547248840332e-01
7.335717082023620605e-01
6.044983267784118652e-01
7.806085944175720215e-01
6.956160664558410645e-01
7.754796147346496582e-01
7.941932678222656250e-01
5.619170665740970128e-01
7.468005418777465820e-01
8.119292855262756348e-01
8.539521694183349609e-01
8.654807806015014648e-01
4.996047914028167725e-01
6.630226969718933105e-01
7.950780391693115234e-01
7.607207298278808594e-01
8.072674870491027832e-01
7.405993342399597168e-01
7.790679931640625000e-01
7.998177409172058105e-01
5.351817011833190918e-01
6.886986494064331055e-01
6.918179273605347124e-01
6.231645345687866211e-01
7.883732914924621582e-01
6.920332312583923340e-01
6.875322461128234863e-01
6.385583877563476562e-01
6.592118740081787109e-01
6.822950839996337891e-01
8.166292309761047363e-01
8.349018692970275879e-01
6.986070275306701660e-01
7.572566270828247070e-01
7.655143737792968750e-01
6.468295454978942871e-01
7.474600076675415039e-01
6.920449614524841753e-01
6.091654300689697266e-01
5.927497148513793945e-01
7.767770886421203613e-01
6.329515099525456767e-01
8.769084215164184570e-01
6.972838044166564941e-01
8.698908686637878418e-01
8.341768383979797363e-01
7.828099727630615234e-01
7.571222186088562012e-01
7.591803073883056641e-01
8.806220889091491699e-01
8.295649290084838867e-01
6.357685446739197443e-01
8.972430229187011719e-01
8.537843227386474609e-01
9.342756271362304688e-01
8.405245542526245117e-01
7.108421325683593750e-01
9.426349997520446777e-01
8.602370619773864746e-01
7.402767539024353027e-01
7.098788022994995117e-01
8.254666328430175781e-01
6.538683772087097168e-01
3.175438567996025085e-02
7.682822942733764648e-01
7.317912578582763672e-01
8.417820334434509277e-01
8.820325732231140137e-01
9.117538332939147949e-01
9.110146164894104004e-01
8.620913028717041016e-01
8.780340552330017090e-01
8.119645118713378906e-01
7.007662057876586914e-01
5.261448621749877930e-01
8.696085810661315918e-01
6.860187053680419922e-01
8.283856511116027832e-01
7.745166420936584473e-01
5.942411422729492188e-01
7.460469007492065430e-01
6.589202284812927246e-01
8.275859355926513672e-01
5.807612538337707520e-01
7.782360315322875977e-01
8.601467609405517578e-01
7.641169428825378418e-01
5.847978591918945312e-01
8.986026048660278320e-01
7.636163830757141113e-01
5.310968160629272461e-01
7.617065906524658203e-01
6.049282550811767578e-01
7.891812324523925781e-01
6.120125651359558105e-01
6.851264238357543945e-01
8.326765298843383789e-01
6.243130564689636230e-01
7.026752829551697888e-01
7.461638450622558594e-01
7.738182544708251953e-01
7.153344750404357910e-01
6.393428444862365723e-01
6.733405590057373047e-01
8.365810513496398926e-01
7.473514080047607422e-01
5.848887562751770020e-01
8.281452655792236328e-01
7.782392501831054688e-01
7.213721275329589844e-01
6.285734772682189941e-01
7.511852383613586426e-01
8.634139895439147949e-01
5.438706755638126333e-01
7.541914582252502441e-01
4.384438395500183105e-01
7.588169097900391291e-01
6.444898247718811035e-01
7.974713444709777832e-01
5.995112061500549316e-01
8.259424924850464755e-01
8.156096935272216797e-01
8.069018125534057617e-01
8.738021850585937500e-01
8.415477871894836426e-01
5.487885475158691406e-01
6.581327915191650391e-01
6.402927041053771973e-01
8.174810409545898438e-01
6.223488450050354004e-01
9.204753637313842773e-01
8.255653858184816007e-01
7.872876524925231934e-01
8.101511001586914062e-01
8.507545351982117587e-01
8.639650344848632812e-01
8.299200534820556641e-01
7.568954229354858398e-01
9.081949591636657715e-01
8.941436409950256348e-01
8.853263258934020996e-01
9.083530306816101074e-01
8.365905880928039551e-01
8.192932605743408203e-01
8.515854477882385254e-01
8.570054173469543457e-01
8.358505010604858620e-01
7.780610799789430265e-01
9.120283126831054688e-01
7.210335135459899902e-01
7.568952441215515137e-01
5.576178789138793723e-01
7.472981214523315430e-01
6.917439937591554067e-01
7.637265920639038086e-01
8.712576627731323242e-01
7.906410098075866699e-01
7.641264796257019043e-01
8.294899463653564453e-01
8.784340620040893555e-01
5.414479374885559082e-01
8.477505445480346680e-01
6.375121831893924007e-01
8.336401581764221191e-01
8.588359355926513672e-01
8.926672935485839844e-01
8.930227160453796387e-01
7.835199832916259766e-01
7.441888451576232910e-01
7.496657967567443848e-01
7.315338253974914551e-01
8.494401574134827770e-01
8.294916152954101562e-01
8.928239345550537109e-01
8.186264634132385254e-01
8.246823668479920100e-01
7.127218246459960938e-01
8.779394030570983887e-01
8.497340679168701172e-01
5.315983295440673828e-01
6.531180739402770996e-01
7.498267292976379395e-01
7.396363019943237305e-01
5.925538539886474609e-01
6.412355899810791016e-01
7.156588435173036888e-01
7.247774600982666016e-01
8.085769414901733398e-01
7.757058739662170410e-01
7.827990651130676270e-01
9.054888486862182617e-01
7.204678058624267578e-01
6.909285187721252441e-01
7.410777688026434218e-01
7.503648996353149414e-01
7.048881173133850764e-01
7.073187232017517090e-01
5.187739133834842198e-01
8.633289933204650879e-01
7.067081928253173828e-01
5.420732498168945312e-01
7.610650658607482910e-01
6.847586631774902344e-01
8.784017562866210938e-01
8.743823170661926270e-01
6.200847625732421875e-01
5.666183829307556152e-01
2.906237542629241943e-01
6.887630224227905273e-01
6.457349061965942383e-01
7.600227594375610352e-01
8.571453392505645752e-02
6.533828377723693848e-01
6.310122013092041016e-01
7.222844958305358887e-01
6.777325272560119629e-01
7.683696150779724121e-01
7.587043642997741699e-01
7.343192696571350098e-01
7.632167935371398926e-01
7.681124687194824663e-01
7.978621244430542658e-01
6.619884967803955078e-01
8.369805812835693359e-01
