7.612986683845520686e-01
7.311246395111083984e-01
7.954623699188232422e-01
8.597772598266602007e-01
8.767962455749511719e-01
9.182409048080444336e-01
7.349724769592285156e-01
8.293614983558654785e-01
8.240880966186523438e-01
8.329142928123474121e-01
8.992829918861389160e-01
8.491926789283752441e-01
7.901168107986450417e-01
6.841665506362915039e-01
7.880362272262573242e-01
8.445882797241210938e-01
8.340690135955810547e-01
8.044654369354248269e-01
8.585184216499328613e-01
8.080047369003295898e-01
8.233742117881774902e-01
8.298697471618652344e-01
7.764661312103271484e-01
8.417963981628417969e-01
9.222686290740966797e-01
8.266068696975708008e-01
6.206868290901184082e-01
9.315266013145446777e-01
8.410258293151855469e-01
8.835011124610900879e-01
8.747748136520385742e-01
7.999047040939331055e-01
9.141911268234252930e-01
8.793482184410095215e-01
7.127901315689086914e-01
9.185394048690795898e-01
9.171616435050964355e-01
8.756988048553466797e-01
8.238402605056762695e-01
8.891493082046508789e-01
8.664096593856811523e-01
9.103882908821105957e-01
8.669114589691162553e-01
7.680273652076721191e-01
7.583701610565185547e-01
8.196272850036621094e-01
8.807699084281921387e-01
8.928891420364379883e-01
8.136823773384094238e-01
8.289549350738525391e-01
7.548753023147583008e-01
7.815169095993041992e-01
7.436028122901916504e-01
7.291056513786315918e-01
8.201265454292298029e-01
8.261574506759643555e-01
8.301577568054200329e-01
7.953875660896301270e-01
7.659757733345031738e-01
7.607989907264709473e-01
8.452464938163757324e-01
7.892467975616455078e-01
8.004130125045776367e-01
7.675147056579589844e-01
6.474842429161071777e-01
7.027457833290100542e-01
6.827098727226257324e-01
9.072339534759521484e-01
7.917275428771972656e-01
5.687084794044494629e-01
6.702334880828857422e-01
6.152297854423522949e-01
7.177898883819580078e-01
7.846081852912902832e-01
7.808701992034912109e-01
7.593703269958496094e-01
7.864755988121032715e-01
8.141168355941772461e-01
6.169722080230712891e-01
8.150662183761596680e-01
5.930609703063964844e-01
7.882850170135498047e-01
8.298094272613525391e-01
7.090132832527160645e-01
6.939375400543212891e-01
7.654419541358947754e-01
8.178907752037049006e-01
7.302007675170898438e-01
8.104546070098876953e-01
8.685873150825500488e-01
8.348155021667480469e-01
5.728317499160766602e-01
7.953527569770812988e-01
8.747533559799194336e-01
7.355514764785766602e-01
7.222541570663452148e-01
7.778028249740600586e-01
7.740190029144287109e-01
6.749588847160339355e-01
8.217284560203552690e-01
9.131007194519042969e-01
8.678377866744995117e-01
8.421421647071838379e-01
8.121082186698913574e-01
7.691805958747863770e-01
7.968136668205261230e-01
7.950505018234252930e-01
8.675037026405334473e-01
8.381777405738830566e-01
9.380216598510742188e-01
7.233546972274780273e-01
8.187659978866577148e-01
8.254047632217407227e-01
8.971610069274902344e-01
7.844541072845458984e-01
3.890926241874694824e-01
1.271726936101913452e-02
9.011628031730651855e-01
7.969948053359985352e-01
9.244369268417358398e-01
6.688022613525390625e-01
9.127828598022461604e-01
9.046959280967712402e-01
8.186774253845214844e-01
8.735526800155639648e-01
7.742254734039306641e-01
8.132380127906799760e-01
5.290225148200988770e-01
8.584006428718566895e-01
9.212937951087951660e-01
7.937876582145690918e-01
8.636913299560546875e-01
7.655863761901855469e-01
8.845717906951904297e-01
8.248681426048278809e-01
8.083775043487548828e-01
7.322331786155702460e-01
7.008588910102844238e-01
7.268320918083190918e-01
8.775997161865234375e-01
6.414610147476196289e-01
8.258166313171386719e-01
7.460412979125976562e-01
7.054845690727233887e-01
8.636097908020019531e-01
8.072625398635864258e-01
8.594526529312134233e-01
6.810693144798278809e-01
7.451108694076538086e-01
7.975745201110839844e-01
7.864740490913391113e-01
7.936484098434448686e-01
7.339155077934265137e-01
7.210252285003662109e-01
7.125941634178162287e-01
8.053115606307983398e-01
5.554320216178894043e-01
7.000529170036315918e-01
7.290352582931518555e-01
7.678335189819336382e-01
7.238159537315369541e-01
7.202736139297490903e-01
6.603024005889892578e-01
7.444583177566528320e-01
8.145964145660400391e-01
7.324067950248718262e-01
7.381473183631896973e-01
5.136056900024413840e-01
7.832919955253601074e-01
5.056067109107971191e-01
7.993065714836120605e-01
7.462149858474731445e-01
7.177702784538269043e-01
7.992647290229797363e-01
7.817220687866210938e-01
7.135035395622253418e-01
6.016131043434143066e-01
8.639071583747863770e-01
7.864941954612731934e-01
3.428135514259338379e-01
7.070614695549011230e-01
7.192599177360534668e-01
6.282516121864318848e-01
7.359014153480529785e-01
7.177659273147583008e-01
6.445180177688598633e-01
8.397383093833923340e-01
7.485737800598144531e-01
7.380654215812683105e-01
6.698054671287536621e-01
8.032323718070983887e-01
6.861796855926514116e-01
7.974067926406860352e-01
8.754379153251647949e-01
7.864327430725097656e-01
6.026125550270080566e-01
6.855384111404418945e-01
7.902131080627441406e-01
6.801792979240417480e-01
6.642468929290771262e-01
7.437033057212829590e-01
8.928779959678649902e-01
7.775403261184692383e-01
8.566302061080932617e-01
7.635944724082948110e-01
9.110243916511535645e-01
8.669852018356323242e-01
7.731822729110717773e-01
7.003163099288940430e-01
7.691578865051269531e-01
8.370248079299926758e-01
8.774974346160888672e-01
8.031482696533203125e-01
8.159305214881896751e-01
8.744126558303833008e-01
7.514638304710388184e-01
6.779332756996154785e-01
7.546529769897460938e-01
8.803368210792541504e-01
8.107564449310302734e-01
9.024863243103027344e-01
7.443870902061462402e-01
8.351163268089294434e-01
8.841943740844726562e-01
6.874035120010377753e-01
8.630611777305603471e-01
8.844926953315734863e-01
8.166292428970337580e-01
8.798576593399047852e-01
8.611019849777221680e-01
7.171637773513793723e-01
8.368306159973144531e-01
8.595630526542663574e-01
9.159272909164428711e-01
8.764292001724243164e-01
8.198820352554321289e-01
7.954750657081604004e-01
9.197538495063781738e-01
9.402823448181152344e-01
7.388673186302184837e-01
8.692462444305419922e-01
6.852022171020507590e-01
8.469798564910888672e-01
8.957149982452392578e-01
8.986192345619201660e-01
8.837857842445373535e-01
8.984402418136596680e-01
8.120245337486267090e-01
8.666535615921020508e-01
8.373230695724487305e-01
8.119618296623229980e-01
7.599004507064819336e-01
7.383266091346740723e-01
8.355335235595704457e-01
7.751063704490661621e-01
6.628777384757995605e-01
7.301062941551208496e-01
6.587694883346557617e-01
7.604283094406127930e-01
6.073638200759889916e-01
7.399508357048034668e-01
7.719362974166870117e-01
7.868073225021362527e-01
7.627153396606445312e-01
7.007149457931518555e-01
6.600714325904846191e-01
7.665509581565856934e-01
6.934013366699218750e-01
7.342129945755004883e-01
8.951555490493774414e-01
7.650298476219177246e-01
7.941781282424926758e-01
8.112514019012451172e-01
7.864646911621093750e-01
6.846542954444885254e-01
7.810417413711547852e-01
8.043568968772888406e-01
8.097510576248169167e-01
8.131958246231079102e-01
7.990094661712646706e-01
7.364253044128418191e-01
8.475294113159179688e-01
8.772851824760437012e-01
8.749137520790100098e-01
8.210636377334594727e-01
7.352287769317626953e-01
8.326008319854736328e-01
7.697213888168334961e-01
7.925325632095336914e-01
8.264318108558654785e-01
8.136565685272216797e-01
8.263605833053588867e-01
7.202051281929016113e-01
8.407703042030334473e-01
8.021236062049865723e-01
5.908898591995243033e-01
7.760649323463439941e-01
7.564826607704162598e-01
6.927829384803771973e-01
6.950255632400512695e-01
7.947021722793579102e-01
6.325711965560912864e-01
8.008697032928466797e-01
8.338071107864379883e-01
7.419410943984985352e-01
8.132769465446472168e-01
7.844835519790649414e-01
7.917572855949401855e-01
8.117386102676391602e-01
7.762823104858398438e-01
8.336323499679565430e-01
8.147435188293457031e-01
7.610213756561279297e-01
6.810154914855957031e-01
8.096929788589477539e-01
7.135428190231323242e-01
8.755878210067749023e-01
8.684655427932739258e-01
7.798472642898559570e-01
8.219957947731018066e-01
7.460179328918457031e-01
9.052054762840271440e-01
8.576955199241638184e-01
8.176382184028625488e-01
9.069422483444213867e-01
8.679136633872985840e-01
9.153027534484863281e-01
8.708227872848510742e-01
8.323719501495361328e-01
9.198815822601318359e-01
8.557169437408447266e-01
7.995188236236572266e-01
6.892961859703063965e-01
7.316968441009521484e-01
8.856134414672851562e-01
7.463884949684143066e-01
7.723649740219116211e-01
8.210715651512145996e-01
7.230099439620971680e-01
9.151514172554016113e-01
8.894962668418884277e-01
9.493725299835205078e-01
8.840655088424682617e-01
8.756068944931030273e-01
8.444039821624755859e-01
8.502269983291625977e-01
7.922346591949462891e-01
8.195950984954833984e-01
7.050973773002624512e-01
8.438937664031982422e-01
8.685392141342163086e-01
7.135254144668579102e-01
7.871562242507934570e-01
7.697656750679016113e-01
8.001662492752075195e-01
5.964441895484924316e-01
8.309568166732788086e-01
8.233006596565246582e-01
7.707748413085937500e-01
6.564340233802795632e-01
9.085222482681274414e-01
7.769811749458312988e-01
5.523046255111694336e-01
7.215238571166993076e-01
6.459006071090698242e-01
7.928415536880493164e-01
6.493585109710693359e-01
7.150564789772033691e-01
8.430025577545166016e-01
6.519885659217834473e-01
7.836781740188598633e-01
7.860974073410034180e-01
7.905021071434021884e-01
7.777293324470520020e-01
7.130376338958740456e-01
7.484870553016662598e-01
8.175411224365234375e-01
8.238859176635742188e-01
5.458444356918334961e-01
8.586161375045776589e-01
8.370240569114686391e-01
7.408623099327087402e-01
6.718000769615173340e-01
8.016679883003234863e-01
8.667648434638977051e-01
5.731222629547119141e-01
7.194970250129699707e-01
6.712014675140380859e-01
5.908442616462710184e-01
8.244954943656921387e-01
7.885037660598754883e-01
6.795337200164794922e-01
8.425316810607910156e-01
8.511570692062377930e-01
8.251942992210388184e-01
8.694177269935607910e-01
8.196208477020263672e-01
6.937865018844604492e-01
7.395524382591247559e-01
5.774700641632080078e-01
9.113907217979431152e-01
8.348631262779235840e-01
9.167998313903809038e-01
8.753350377082824707e-01
8.659597635269165039e-01
8.952051401138305664e-01
8.925120234489440918e-01
8.983581662178039551e-01
8.569945096969604492e-01
8.388920426368713379e-01
9.162524938583374023e-01
9.118771553039550781e-01
9.053173065185546875e-01
9.032977223396301270e-01
8.803783059120178223e-01
8.133875727653503418e-01
9.119295477867126465e-01
8.977383375167846680e-01
8.063717007637025702e-01
8.053206205368041992e-01
8.919517993927001953e-01
8.962945938110351562e-01
7.713517546653747559e-01
8.098904490470886230e-01
8.158570528030395508e-01
7.956733107566833496e-01
8.121035099029541016e-01
9.036688804626464844e-01
8.838989734649658203e-01
8.700155019760131836e-01
8.789247274398804821e-01
8.886828422546386719e-01
6.913691759109497070e-01
9.042118191719055176e-01
7.520797252655029297e-01
8.663351535797119141e-01
8.789968490600585938e-01
9.094152450561523438e-01
8.923037409782410556e-01
8.365266323089599609e-01
7.772697806358337402e-01
8.718710541725158691e-01
7.284954547882080966e-01
7.553817629814147949e-01
8.422617316246032715e-01
8.727154731750488281e-01
8.243627548217773438e-01
8.829815983772277832e-01
8.296719789505004883e-01
9.071371078491211604e-01
9.064287543296813965e-01
6.236902117729188344e-01
7.188714981079101785e-01
8.245269060134887695e-01
8.265073895454406738e-01
6.377665996551513672e-01
7.383165955543518066e-01
8.186823725700378418e-01
7.364174127578735352e-01
8.646621704101562500e-01
6.767137050628662109e-01
8.339607119560241699e-01
9.113074541091918945e-01
7.661852836608886719e-01
6.534484028816223145e-01
7.642861604690551758e-01
7.813919782638549805e-01
7.191038131713867188e-01
7.123180627822875977e-01
5.203518867492675781e-01
8.912560939788818359e-01
7.656605243682861328e-01
6.564871668815612793e-01
7.620584964752197266e-01
7.999106645584106445e-01
8.672591447830200195e-01
8.927134275436401367e-01
6.482860445976257324e-01
6.255906820297241211e-01
3.395175933837890625e-01
7.166708707809448242e-01
7.364083647727965865e-01
7.701998353004455566e-01
7.710093259811401367e-02
7.524022579193115901e-01
6.595749855041503906e-01
7.190716266632080078e-01
7.141466140747070312e-01
8.195122480392456055e-01
8.125489950180053711e-01
6.661618947982788086e-01
7.959235906600952148e-01
7.998952507972717507e-01
8.229559063911437988e-01
8.069682717323303223e-01
8.022778630256652832e-01
